0.
0.00007866927150988526
0.0003147396468822137
0.0007083989288341454
0.0012599605229535983
0.001969864040791641
0.002838676147207498
0.003867091655002511
0.005055934870776666
0.006406161196861202
0.007918858995128822
0.009595251719464681
0.011436700324702734
0.013444705960899278
0.015620912962935484
0.017967112146620383
0.020485244423712773
0.023177404749603562
0.026045846418806945
0.029092985724911206
0.03232140700324599
0.03573386807624633
0.03933330612334582
0.043122843999226765
0.047105797026408366
0.05128568029048327
0.055666216468834996
0.060251344226405816
0.06504522721505895
0.07005226371631565
0.07527709697077498
0.08072462624137372
0.08640001866185068
0.092308721926381
0.09845647788138888
0.1048493370860773
0.11149367441428525
0.11839620577696092
0.12556400605189022
0.13300452831541773
0.14072562447983886
0.14873556745001318
0.157043074923672
0.16565733497198576
0.17458803355036753
0.1838453841043724
0.1934401594520981
0.20338372614290715
0.2136880815128043
0.22436589367970494
0.235430544747402
0.24689617751566587
0.2587777460259725
0.2710910703083329
0.283852895735119
0.2970809574332684
0.3107940502575114
0.3250121048851233
0.33975627065811814
0.35504900587286253
0.3709141763011051
0.38737716282185275
0.40446497915216656
0.42220640078879945
0.4406321064140772
0.45977483318132667
0.47966954748079704
0.5003536330002943
0.5218670981402662
0.5442528051263051
0.5675567234894583
0.5918282109640732
0.6171203252933841
0.6434901709456918
0.6709992853420286
0.6997140698955564
0.7297062719828123
0.7610535249304812
0.7938399542368136
0.8281568595883086
0.8641034838215694
0.9017878818683731
0.9413279049714656
0.9828523181463927
1.0265020720856501
1.072431754572824
1.1208112511416908
1.1718276503590417
1.2256874359554568
1.282619016356208
1.3428756523261283
1.4067388558770988
1.4745223488449566
1.5465766883126046
1.6232946891975863
1.7051178029047585
1.7925436462893667
1.8861349188972847
1.9865300004856221
2.094455587437573
2.2107418083726986
2.3363403585294673
2.472346311335221
2.6200244042706564
2.7808407509994386
2.9565010906744176
3.1489968193750353
3.360660095925356
3.594229150143082
3.8529243021843773
4.140533660422235
4.46150412155566
4.8210265113078705
5.225090480716129
5.6804597890152575
6.194472884943858
6.774493634411076
7.4267068907872105
8.15377163068998
8.950678339912624
9.798282207066288
10.655089718984094
11.450956283239957
12.091010736577866
12.478765575692416
12.554559843646015
12.324344575949736
11.854064910149756
11.235816459400185
10.55399393683312
9.869006613272422
9.21666272747344
8.614373693914256
8.067977834148486
7.576884543323693
7.137354356924988
6.744391713176251
6.392756037687886
6.077458143109354
5.79397270012808
5.538301636154339
5.306963845770606
5.096951964199812
4.905677500946057
4.730914965627249
4.570749893506529
4.423532680621466
4.287838625067187
4.162433854079507
4.046246518887454
3.9383425557196357
3.8379053314309375
3.7442185574469313
3.6566519358834033
3.574649081874569
3.497717339595159
3.4254191737120694
3.3573648727142227
3.2932063464056376
3.232631837861211
3.1753614014806137
3.1211430245170098
3.0697492905678443
3.0209745008214055
2.9746321830478815
2.93055292998053
2.888582518320756
2.8485802675032934
2.8104176038851296
2.7739768014266093
2.739149874419578
2.705837601551219
2.673948663708006
2.6433988805309214
2.6141105329200043
2.5860117605257704
2.5590360248162676
2.5331216296203376
2.5082112921594932
2.484251758525877
2.4611934583688337
2.4389901942402243
2.41759886163715
2.3969791962859266
2.3770935456453732
2.3579066619819673
2.33938551469275
2.321499119831832
2.3042183850391993
2.287515968281523
2.271366148998604
2.2557447104093886
2.240628831871779
2.225996990313288
2.2118288698573227
2.198105278864647
2.1848080736929334
2.171920088550928
2.159425070888662
2.147307621822711
2.1355531411463833
2.124147776519983
2.11307837647648
2.1023324469136675
2.0918981107758037
2.081764070656198
2.0719195740776364
2.062354381230327
2.053058734967429
2.0440233328765975
2.0352393012623557
2.026698170888973
2.0183918543468207
2.0103126249172076
2.0024530968215375
1.9948062067504526
1.987365196577474
1.9801235971697035
1.9730752132154126
1.9662141089949754
1.959534595027585
1.9530312155316647
1.9466987366418496
1.9405321353299527
1.9345265889814236
1.9286774655826262
1.9229803144776658
1.9174308576566563
1.9120249815401953
1.9067587292274724
1.9016282931778146
1.896630008297743
1.8917603454075989
1.8870159050637147
1.8823934117138081
1.8778897081648427
1.8735017503441063
1.8692266023355446
1.8650614316746814
1.861003504886568
1.8570501832522648
1.8531989187903566
1.849447250440883
1.8457928004399142
1.8422332708737803
1.8387664404026578
1.8353901611439272
1.8321023557062759
1.8289010143661462
1.8257841923786293
1.8227500074154053
1.8197966371228087
1.8169223167935022
1.8141253371456576
1.8114040422039062
1.808756827276674
1.8061821370248283
1.8036784636168868
1.8012443449662934
1.79887836304654
1.796579142280179
1.7943453479979652
1.7921756849645998
1.7900688959677624
1.7880237604672733
1.786039093301441
1.7841137434477854
1.7822465928355027
1.7804365552071637
1.7786825750273063
1.7769836264356633
1.7753387122429432
1.7737468629671385
1.7722071359084923
1.7707186142613163
1.7692804062609684
1.7678916443643868
1.7665514844626447
1.7652591051240856
1.764013706866664
1.7628145114581926
1.761660761243256
1.7605517184956156
1.759486664794991
1.7584649004271626
1.757485743806379
1.7565485309191091
1.7556526147882452
1.754797364956863
1.7539821669907356
1.753206421998797
1.7524695461708237
1.7517709703316042
1.751110139510929
1.7504865125287468
1.7498995615948716
1.7493487719226473
1.7488336413560144
1.7483536800094353
1.7479084099201732
1.7474973647124268
1.747120089272864
1.7467761394370942
1.7464650816866742
1.746186492856221
1.7459399598502452
1.7457250793693435
1.7455414576453878
1.7453887101853587
1.7452664615235185
1.7451743449815966
1.7451120024366915
1.7450790840966046
1.745075248282334
1.745100161217458
1.7451534968241658
1.7452349365256847
1.7453441690548854
1.7454808902688275
1.7456448029690421
1.7458356167273539
1.7460530477170269
1.746296818549065
1.746566658113484
1.7468623014253655
1.7471834894755498
1.7475299690857906
1.7479014927682286
1.748297818589028
1.7487187100360384
1.7491639358903504
1.7496332701016022
1.750126491666925
1.7506433845133944
1.7511837373838752
1.7517473437261541
1.7523340015852404
1.7529435134987372
1.753575686395188
1.754230331495292
1.7549072642158998
1.7556063040767058
1.75632727460954
1.75707000327019
1.7578343213526562
1.758620063905781
1.7594270696521663
1.7602551809093079
1.7611042435128879
1.7619741067421422
1.762864623247257
1.7637756489787146
1.764707043118547
1.7656586680134212
1.7666303891095112
1.7676220748891092
1.7686335968088998
1.7696648292398829
1.7707156494088576
1.7717859373414564
1.772875575806654
1.7739844502627329
1.7751124488046424
1.7762594621127248
1.777425383402764
1.7786101083773131
1.7798135351782762
1.7810355643406994
1.7822760987477386
1.7835350435867694
1.7848123063066132
1.7861077965758438
1.7874214262421375
1.7887531092926527
1.7901027618153984
1.7914703019615685
1.792855649908814
1.794258727825432
1.7956794598354402
1.7971177719845157
1.7985735922067774
1.8000468502923843
1.80153747785593
1.8030454083056167
1.8045705768131808
1.8061129202845523
1.8076723773312322
1.8092488882423663
1.810842394957499
1.812452841039985
1.8140801716510464
1.815724333524461
1.817385274941856
1.8190629457086027
1.8207572971302906
1.8224682819897657
1.8241958545247234
1.8259399704058394
1.8277005867154235
1.8294776619265867
1.8312711558829093
1.833081029778594
1.8349072461390887
1.8367497688021879
1.838608562899568
1.8404835948387814
1.8423748322856652
1.8442822441471867
1.8462058005546849
1.8481454728475244
1.850101233557135
1.8520730563914318
1.8540609162196198
1.856064789057349
1.8580846520522345
1.8601204834697274
1.8621722626793178
1.8642399701410788
1.8663235873925275
1.8684230970358162
1.8705384827252196
1.8726697291549395
1.8748168220471977
1.8769797481406272
1.8791584951789375
1.8813530518998745
1.8835634080244337
1.8857895542463576
1.8880314822218816
1.8902891845597414
1.8925626548114312
1.8948518874617013
1.897156877919302
1.8994776225079586
1.9018141184575796
1.9041663638956838
1.9065343578390588
1.9089181001856266
1.9113175917065253
1.9137328340384
1.9161638296758965
1.9186105819643544
1.921073095092694
1.9235513740865064
1.9260454248013161
1.9285552539160427
1.931080868926637
1.9336222781398975
1.9361794906674652
1.9387525164199813
1.9413413661014267
1.943946051203617
1.9465665840008628
1.9492029775447959
1.9518552456593423
1.9545234029358607
1.957207464728427
1.9599074471492661
1.9626233670643392
1.9653552420890645
1.968103090584191
1.9708669316518033
1.97364678513147
1.976442671596525
1.979254612350481
1.9820826294235778
1.9849267455694561
1.9877869842619644
1.9906633696920841
1.9935559267649812
1.9964646810971842
1.9993896590138764
2.002330887546309
2.005288394429333
2.008262208099038
2.0112523576905215
2.0142588730357502
2.017281784661548
2.020321123787686
2.0233769223250793
2.0264492128740987
2.0295380287229783
2.0326434038463312
2.03576537290377
2.0389039712386263
2.042059234876774
2.0452312005255484
2.0484199055727657
2.051625388085839
2.0548476868109944
2.058086841172581
2.0613428912724667
2.0646158778895476
2.0679058424793255
2.0712128271736003
2.074536874780238
2.0778780287830356
2.0812363333416752
2.084611833291768
2.0880045741449798
2.0914146020892566
2.0948419639891234
2.098286707386084
2.1017488804990903
2.105228532225112
2.108725712139779
2.1122404704981164
2.11577285823536
2.119322926967851
2.1228907289940246
2.1264763172954697
2.1300797455380724
2.1337010680732513
2.137340339939261
2.140997616862584
2.144672955259401
2.1483664122371406
2.1520780455961144
2.155807913831228
2.159556076133767
2.1633225923932717
2.167107523199491
2.1709109298444
2.1747328743243197
2.178573419342099
2.1824326283093813
2.1863105653489474
2.190207295297143
2.194122883706378
2.1980573968477084
2.2020109017134946
2.205983466020142
2.209975158210914
2.213986047458833
2.218016203669648
2.222065697484896
2.2261346002850275
2.230222984192622
2.2343309220756797
2.2384584875509854
2.24260575498757
2.2467727995102296
2.250959697003139
2.255166524113546
2.259393358255539
2.263640277613897
2.2679073611480227
2.2721946885959645
2.2765023404785
2.280830398103324
2.2851789435693033
2.2895480597708224
2.29393783040221
2.2983483399622475
2.302779673758765
2.307231917913317
2.3117051593659492
2.3161994858800448
2.3207149860472573
2.3252517492925406
2.329809865879243
2.3343894269143153
2.3389905243535867
2.3436132510071386
2.348257700544768
2.3529239675015363
2.357612147283414
2.3623223361730075
2.3670546313353893
2.3718091308240137
2.3765859335867248
2.3813851394718624
2.386206849234464
2.3910511645425503
2.395918187983526
2.40080802307066
2.4057207742496756
2.4106565469054293
2.4156154473687024
2.4205975829230773
2.4256030618119278
2.4306319932455054
2.435684487408131
2.4407606554654917
2.4458606095720357
2.4509844628784854
2.4561323295394506
2.461304324721148
2.466500564609232
2.471721166416744
2.4769662483921557
2.482235929827546
2.4875303310668744
2.492849573514377
2.4981937796430804
2.503563073003435
2.5089575782320526
2.5143774210605834
2.5198227283247037
2.525293627973225
2.5307902490773344
2.536312721839953
2.54186117760523
2.5474357488681525
2.553036569284299
2.558663773679714
2.5643174980609205
2.5699978796250624
2.5757050567701936
2.5814391691056855
2.587200357462796
2.5929887639053613
2.598804531740642
2.604647805530303
2.610518731101553
2.6164174555584183
2.6223441272931747
2.6282988959979288
2.6342819126763484
2.6402933296555586
2.6463333005981813
2.652401980514548
2.6584995257750634
2.664626094122737
2.670781844685879
2.676966937990964
2.6831815359756694
2.6894258020020714
2.6956999008700335
2.702003998830761
2.708338263600533
2.7147028643746216
2.721097971841394
2.727523758196592
2.733980397157817
2.740468063979186
2.7469869354662
2.7535371899907934
2.7601190075065944
2.7667325695643794
2.7733780593277353
2.7800556615889267
2.7867655627849826
2.7935079510139795
2.8002830160515573
2.807090949367641
2.813931944143399
2.820806195288412
2.827713899458081
2.834655255071262
2.84163046232814
2.848639723228333
2.8556832415892544
2.8627612230646977
2.869873875163696
2.877021407269609
2.8842040306594905
2.891421958523694
2.8986754059857556
2.9059645901225446
2.9132897299846783
2.920651046617214
2.9280487630806324
2.9354831044720844
2.9429542979469487
2.9504625727406615
2.9580081601908597
2.9655912937598092
2.9732122090571584
2.9808711438629842
2.988568338151161
2.9963040341130553
3.004078476181534
3.01189191105531
3.019744587723622
3.0276367574912477
3.0355686740038768
3.0435405932738195
3.051552773706078
3.059605476124781
3.0676989637999843
3.0758335024748438
3.0840093603931655
3.0922268083273434
3.100486119606693
3.1087875701461676
3.1171314384754973
3.1255180057687184
3.1339475558741348
3.1424203753446993
3.1509367534688137
3.1594969823015826
3.168101356696497
3.1767501743375828
3.1854437357719863
3.194182344443056
3.2029663067238685
3.211795931951252
3.220671532460301
3.2295934236193715
3.2385619238656003
3.24757735474093
3.256640040928655
3.265750310290496
3.274908493904228
3.2841149261018363
3.29336994450825
3.3026738900806287
3.3120271071482366
3.3214299434528947
3.3308827501900335
3.3403858820503594
3.3499396972621165
3.3595445576340053
3.369200828598717
3.3789088792571262
3.388669082423146
3.3984818146692426
3.4083474563726566
3.418266391762291
3.4282390089663313
3.4382657000605694
3.4483468611174644
3.4584828922559567
3.468674197692021
3.478921185790017
3.489224269114797
3.499583864484636
3.5100003930249604
3.5204742802229134
3.5310059559827542
3.541595854682123
3.552244415229176
3.5629520811206055
3.573719300500569
3.5845465262205387
3.5954342159000854
3.606382831988626
3.6173928418281265
3.6284647177168177
3.639598936973898
3.6507959820052722
3.6620563403703397
3.6733805048498414
3.6847689735147897
3.6962222497965107
3.7077408425578064
3.7193252661652636
3.730976040562731
3.74269369134599
3.7544787498386296
3.766331753169167
3.7782532443494143
3.7902437723541396
3.8023038922020262
3.8144341650379703
3.826635158216728
3.838907445387956
3.8512516065826525
3.8636682283010373
3.876157903601909
3.888721232193477
3.9013588205257235
3.9140712818843295
3.926859236486165
3.939723311576403
3.952664141527283
3.9656823679385385
3.978778639739553
3.991953613293249
4.005207952501762
4.0185423289139335
4.031957421834641
4.045453918436048
4.059032513870742
4.07269391138687
4.086438822445273
4.1002679668386515
4.114182072812846
4.1281818771902214
4.142268125495256
4.15644157208232
4.170702980265752
4.185053122452212
4.1994927802754285
4.214022744733339
4.228643816327686
4.243356805206143
4.258162531306985
4.273061824506385
4.288055524768402
4.303144482297656
4.318329557694843
4.333611622115063
4.3489915574290725
4.364470256387496
4.38004862278809
4.395727571646092
4.41150802936775
4.42739093392708
4.443377235045927
4.459467894377428
4.475663885692902
4.491966195072288
4.508375821098176
4.524893775053543
4.5415210811232445
4.558258776599364
4.575107912090502
4.592069551735096
4.609144773418855
4.626334668996405
4.643640344517243
4.661062920456096
4.67860353194778
4.696263329026683
4.714043476870935
4.731945156051422
4.7499695627857275
4.768117909197112
4.786391423578669
4.804791350662771
4.823318951895899
4.841975505719038
4.8607623078537205
4.879680671593867
4.8987319281035875
4.917917426721033
4.937238535268484
4.956696640368823
4.976293147768504
4.99602948266724
5.0159070900545
5.035927435053055
5.056092003269672
5.076402301153191
5.096859856360116
5.117466218127958
5.138222957656468
5.159131668496994
5.180193966950145
5.201411492471983
5.222785908088937
5.244318900821673
5.266012182118162
5.287867488296122
5.309886580995151
5.332071247638731
5.354423301906394
5.376944584216288
5.399636962218442
5.422502331298971
5.445542615095528
5.468759766024287
5.492155765818769
5.515732626080803
5.5394923888439775
5.563437127149854
5.587568945637352
5.611889981145601
5.636402403330653
5.661108415296407
5.686010254240141
5.711110192113047
5.736410536296173
5.761913630292197
5.787621854433443
5.8135376266066405
5.839663402994822
5.866001678836894
5.892554989205311
5.919325909802442
5.94631705777606
5.97353109255456
6.000970716702437
6.028638676796602
6.056537764324142
6.08467081660211
6.113040717720003
6.141650399505577
6.170502842514676
6.19960107704575
6.228948184179835
6.258547296846685
6.288401600917864
6.318514336327573
6.348888798222059
6.379528338138429
6.410436365213791
6.441616347425566
6.473071812864019
6.504806351037846
6.5368236142139775
6.569127318792515
6.601721246717961
6.634609246927822
6.667795236839778
6.701283203878582
6.735077207043944
6.769181378520719
6.803599925332682
6.838337131041308
6.873397357490979
6.908785046602103
6.944504722213678
6.980560991976912
7.0169585493015525
7.0537021753566105
7.090796741127305
7.1282472095300635
7.166058637587454
7.204236178665113
7.242785084772669
7.281710708930831
7.321018507606875
7.360714043220867
7.400802986724916
7.44129112025812
7.482184339879642
7.523488658382724
7.565210208192385
7.607355244349688
7.649930147585734
7.692941427488369
7.736395725764999
7.7802998196048705
7.824660625144414
7.869485201039275
7.914780752146961
7.96055463332403
8.006814353342088
8.053567578926849
8.100822138924837
8.148586028602463
8.196867414082373
8.245674636922187
8.295016218841022
8.344900866599351
8.395337477038021
8.446335142282539
8.497903155118896
8.55005101454767
8.602788431523216
8.656125334885182
8.710071877490009
8.764638442550089
8.81983565018911
8.875674364221876
8.932165699167928
8.989321027508177
9.047151987194493
9.105670489422607
9.164888726679033
9.224819181073457
9.28547463296828
9.346868169917906
9.409013195930624
9.471923441066851
9.53561297138793
9.600096199270538
9.66538789410241
9.731503193375891
9.798457614196609
9.866267065225541
9.934947859073468
10.004516725167939
10.074990823113868
10.146387756569863
10.21872558766364
10.292022851971021
10.366298574084336
10.441572283797415
10.517864032935538
10.595194412860856
10.67358457268456
10.753056238219566
10.833631731708676
10.915333992365655
10.998186597768138
11.082213786144006
11.167440479594688
11.253892308301614
11.341595635764582
11.430577585123384
11.520866066617305
11.612489806239966
11.705478375650415
11.799862223405025
11.895672707578345
11.992942129845444
12.09170377110202
12.19199192870389
12.293841955411793
12.397290300132916
12.502374550556365
12.609133477785312
12.717607083075645
12.82783664679709
12.939864779740827
13.053735476904961
13.169494173898105
13.287187806110015
13.406864870808251
13.528575492330246
13.652371490551129
13.778306452820054
13.906435809570665
14.03681691382509
14.169509124826153
14.30457389604863
14.442074867857476
14.58207796510058
14.724651499942745
14.869866280270813
15.017795724022292
15.168515979816648
15.322106054294798
15.478647946603894
15.638226790495379
15.800931004540635
15.966852451006117
16.136086603971748
16.30873272732062
16.48489406327787
16.664678032228895
16.84819644460567
17.035565725692294
17.226907154270044
17.422347116097065
17.62201737329922
17.82605535083846
18.03460444132225
18.24781432952487
18.465841338107687
18.688848796154314
18.917007432276826
19.150495794203223
19.389500696926053
19.634217701678008
19.88485162820591
20.14161710303902
20.40473914669748
20.67445380305997
20.95100881441386
21.234664346044
21.52569376458844
21.824384474797696
22.13103881978891
22.44597505038937
22.76952836972282
23.10205205981314
23.44391869766899
23.79552146908272
24.15727558923104
24.529619840119253
24.913018235974384
25.307961828880735
25.71497066827817
26.13459592942796
26.567422227611434
27.014070136686264
27.47519893270705
27.951509585653458
28.44374802492371
28.95270870718949
29.479238518499386
30.02424104621051
30.588681260470317
31.17359064960919
31.780072859003155
32.40930988877674
33.06256891220606
33.741209783914364
34.44669331498052
35.18059040097009
35.9445920986745
36.74052075803713
37.57034232732045
38.43617996195387
39.34032908052535
40.2852740247365
41.27370649334241
42.3085459323753
43.39296207413699
44.53039982381141
45.724606692565644
46.97966296600026
48.3000147715141
49.690510160008756
51.156438235671416
52.70357123711562
54.33820927245819
56.06722710970717
57.89812197964792
59.839060701811185
61.898923512364135
64.08734064141254
66.41471579921213
68.8922280732858
71.53180002778615
74.34601466413054
77.34795688766414
80.55094569025351
83.96811084652846
87.61175211254225
91.49239976354961
95.61747399121722
99.98942066984138
104.60318996280397
109.44293680258625
114.47788327413205
119.6574294216178
124.90587665302645
130.1175733426133
135.15389010871075
139.84404318772908
143.99207092961575
147.3917093659383
149.84904356781533
151.20973546788122
151.38449287119795
150.3652085750239
148.226334198349
145.1110271465042
141.20682995705332
136.71833161711942
131.84351102740737
126.75750706207326
121.60438248207065
116.49536360833386
111.51129076997034
106.70719666047017
102.11750923249845
97.76098338577411
93.64493524077793
89.7686541011809
86.12603147165434
82.70751895442831
79.50154596911425
76.49552051768676
73.67651759816955
71.0317389120565
68.54880822010277
66.21595055779224
64.02209073266863
61.95689674162553
60.010786436292875
58.174910394248634
56.44112005729398
54.801927398268795
53.25046038244189
51.78041707764597
50.38602027561003
49.06197379578267
47.80342116573128
46.60590704651284
45.46534155257085
44.37796747180213
43.34033029974281
42.34925094625673
41.401800942271
40.49527995996341
39.62719545673034
38.795244257319546
37.99729589696194
37.23137755931234
36.495660455228375
35.788447501043805
35.108162167456165
34.45333838211779
33.82261138028745
33.21470940834703
32.628446194599185
32.06271411051035
31.516477953496626
30.98876928951229
30.478681300132244
29.9853640845963
29.508020372451682
29.04590160704992
28.59830436428402
28.164567074632924
27.744067019871167
27.336217578731173
26.94046569842378
26.556289571257903
26.18319649768194
25.820720918934295
25.468422604150057
25.125884978259663
24.792713578344053
24.468534627302105
24.152993714752753
23.845754576048854
23.546497961140613
23.254920585794224
22.970734158365023
22.693664475947433
22.423450584284208
22.159843996323097
21.902607964764478
21.65151680435532
21.406355260055705
21.166917917541124
20.93300865280633
20.704440117914228
20.481033260180745
20.26261687231444
20.0490271712352
19.84010740348355
19.635707475301555
19.43568360562175
19.23989800034185
19.048218546390917
18.86051852421104
18.67667633738485
18.496575258238384
18.32010318833733
18.147152432877974
17.977619488048287
17.811404840504466
17.648412778171085
17.4885512116313
17.33173150542662
17.17786831863552
17.026879454144733
16.87868571606884
16.733210774812196
16.590381039303022
16.450125535960616
16.31237579398885
16.177065736615234
16.044131577921334
15.913511724933773
15.785146684667744
15.658978975834172
15.5349530449419
15.413015186542564
15.293113467383078
15.175197654245181
15.05921914526552
14.945130904543293
14.832887399853584
14.722444543297286
14.613759634727193
14.50679130780138
14.401499478522842
14.29784529613335
14.195791096237405
14.095300356039658
13.996337651585698
13.898868616902867
13.802859904943809
13.708279150240879
13.615094933185151
13.523276745848099
13.432794959269561
13.343620792138907
13.255726280801458
13.169084250524747
13.083668287964212
12.999452714770065
12.91641256228089
12.834523547252262
12.753762048571575
12.674105084912634
12.595530293286341
12.518015908445905
12.441540743107273
12.366084168947486
12.291626098345505
12.218146966832153
12.14562771621731
12.07404977836394
12.003395059580608
11.933645925605038
11.864785187152789
11.796796086006701
11.729662281623384
11.663367838234848
11.597897212423874
11.533235241153113
11.469367130228699
11.406278443180243
11.343955090539522
11.282383319501832
11.221549703953666
11.161441134852089
11.10204481094121
11.043348229792281
10.98533917915421
10.928005728602098
10.871336221472017
10.81531926707038
10.759943733147539
10.705198738624778
10.651073646565065
10.597558057378134
10.544641802250723
10.492314936793404
10.440567734895698
10.38939068278166
10.338774473258217
10.288710000149143
10.239188352907645
10.190200811400999
10.141738840860858
10.09379408699301
10.046358371240938
9.999423686197563
9.9529821911595
9.907026207819237
9.861548216089691
9.816540850056949
9.77199689405618
9.727909278866811
9.684271078022306
9.641075504231019
9.598315905903858
9.555985763785285
9.514078687684039
9.472588413300059
9.431508799144575
9.390833823549851
9.350557581765889
9.310674283140926
9.271178248383068
9.232063906900194
9.193325794215756
9.154958549457803
9.11695691291878
9.07931572368403
9.042029917326445
9.005094523665374
8.968504664587643
8.932255551928511
8.896342485411008
8.860760850641444
8.825506117159511
8.790573836541173
8.755959640552755
8.721659239354524
8.68766841975234
8.653983043495792
8.620599045621434
8.58751243283975
8.554719281964388
8.522215738382618
8.489998014565476
8.458062388616616
8.426405202858593
8.395022862455512
8.363911834070848
8.333068644559646
8.302489879693711
8.272172182919183
8.242112254145331
8.212306848563644
8.182752775496512
8.153446897274447
8.124386128141152
8.095567433185542
8.066987827300066
8.038644374164408
8.010534185254027
7.982654418872708
7.955002279208525
7.927575015412503
7.9003699206993465
7.873384331469704
7.846615626453259
7.820061225872129
7.7937185906240245
7.7675852214846
7.741658658328488
7.715936479368503
7.69041630041249
7.665095774137457
7.639972589380362
7.61504447044521
7.59030917642606
7.565764500545393
7.541408269507557
7.517238342866821
7.493252612409683
7.469449001551027
7.445825464743849
7.422379986902062
7.399110582836207
7.376015296701559
7.353092201458498
7.330339398344658
7.307755016358668
7.285337211755146
7.263084167550671
7.240994093040446
7.219065223325354
7.197295818849309
7.175684164946308
7.154228571397394
7.132927371996831
7.111778924127601
7.090781608345849
7.069933827974033
7.0492340087026255
7.028680598200191
7.008272065731513
6.988006901783672
6.967883617699908
6.94790074532094
6.928056836633745
6.908350463427501
6.888780216956479
6.869344707609935
6.8500425645885565
6.830872435587525
6.8118329864859435
6.792922901042478
6.7741408805970975
6.7554856437787985
6.7369559262190615
6.718550480271034
6.700268074734267
6.682107494584822
6.6640675407107
6.6461470296524725
6.628344793348876
6.610659678887451
6.593090548259941
6.5756362781224365
6.558295759560136
6.541067897856611
6.523951612267459
6.506945835798333
6.490049514987109
6.47326160969025
6.456581092873138
6.440006950404398
6.423538180854054
6.407173795295488
6.390912817111041
6.3747542818012946
6.358697236797817
6.342740741279413
6.326883865991748
6.311125693070273
6.295465315866409
6.279901838776871
6.264434377076134
6.249062056751912
6.233784014343632
6.218599396783788
6.203507361242187
6.188507074972968
6.173597715164325
6.1587784687909695
6.144048532469158
6.129407112314317
6.114853423801171
6.100386691626337
6.086006149573335
6.071711040379943
6.0575006156078866
6.043374135514797
6.029330868928387
6.015370093122778
6.0014910936970205
5.987693164455636
5.973975607291252
5.9603377320692505
5.9467788565143325
5.933298306099084
5.91989541393437
5.906569520661616
5.893319974346903
5.880146130376821
5.867047351356117
5.854023007006989
5.8410724740701285
5.828195136207351
5.8153903839059
5.802657614384251
5.789996231499575
5.777405645656635
5.764885273718209
5.752434538917014
5.740052870769001
5.727739704988113
5.715494483402393
5.703316653871485
5.6912056702054405
5.679160992084831
5.667182084982149
5.655268420084489
5.643419474217439
5.631634729770159
5.619913674621725
5.6082558020685775
5.596660610753124
5.5851276045934934
5.573656292714374
5.562246189378941
5.550896813921857
5.539607690683289
5.528378348943997
5.517208322861396
5.506097151406614
5.495044378302529
5.484049551962759
5.473112225431582
5.462231956324788
5.45140830677142
5.440640843356413
5.429929137064122
5.419272763222652
5.408671301449102
5.398124335595582
5.387631453696059
5.377192247914015
5.3668063144908675
5.356473253695158
5.34619266977255
5.335964170896473
5.325787369119604
5.315661880326005
5.305587324183956
5.295563324099543
5.285589507170866
5.2756655041429505
5.2657909493633195
5.2559654807381895
5.246188739689323
5.236460371111513
5.226780023330662
5.217147348062468
5.207562000371742
5.198023638632249
5.1885319244871875
5.179086522810189
5.169687101666885
5.160333332277043
5.151024888977209
5.141761449183899
5.132542693357306
5.1233683049655125
5.114237970449218
5.105151379186954
5.096108223460786
5.0871081984224915
5.078151002060234
5.069236335165645
5.060363901301433
5.051533406769392
5.042744560578858
5.033997074415619
5.025290662611237
5.0166250421128025
5.007999932453082
4.999415055721091
4.9908701365330685
4.982364902003845
4.973899081718577
4.965472407704895
4.957084614405419
4.948735438650615
4.940424619632076
4.932151898876088
4.923917020217621
4.915719729774618
4.90755977592263
4.899436909269831
4.8913508826323016
4.883301451009695
4.875288371561185
4.867311403581768
4.859370308478828
4.851464849749052
4.843594792955634
4.8357599057057685
4.827959957628453
4.820194720352548
4.812463967485171
4.8047674745903235
4.797105019167816
4.789476380632472
4.781881340293575
4.774319681334605
4.766791188793222
4.759295649541496
4.751832852266413
4.744402587450614
4.7370046473533725
4.729638825991824
4.722304919122438
4.71500272422271
4.707732040473088
4.700492668739132
4.693284411553888
4.686107073100501
4.678960459195014
4.6718443772694185
4.664758636354882
4.657703047065203
4.650677421580475
4.643681573630937
4.63671531848102
4.629778472913622
4.622870855214544
4.61599228515712
4.60914258398705
4.602321574407415
4.5955290805638604
4.588764928029982
4.582028943792853
4.575320956238781
4.5686407951391885
4.561988291636674
4.555363278231268
4.548765588766827
4.542195058417589
4.535651523674911
4.529134822334146
4.522644793481689
4.516181277482169
4.50974411596579
4.503333151815843
4.49694822915633
4.49058919333977
4.484255890935133
4.477948169715901
4.471665878648304
4.46540886787966
4.459176988726868
4.452970093665037
4.446788036316241
4.440630671438398
4.434497854914303
4.428389443740759
4.422305296017846
4.416245270938321
4.410209228777129
4.4041970308810345
4.398208539658384
4.392243618568974
4.386302132114032
4.380383945826326
4.374488926260371
4.368616940982766
4.362767858562614
4.356941548562077
4.351137881527016
4.345356728977756
4.339597963399934
4.333861458235473
4.328147087873637
4.322454727642192
4.316784253798684
4.311135543521766
4.305508474902696
4.299902926936855
4.294318779515395
4.288755913416992
4.283214210299659
4.277693552692664
4.272193823988547
4.266714908435208
4.2612566911280805
4.255819058002415
4.250401895825617
4.245005092189683
4.239628535503733
4.234272114986582
4.228935720659438
4.22361924333866
4.218322574628579
4.213045606914431
4.2077882333553305
4.202550347877347
4.197331845166634
4.192132620662654
4.18695257055145
4.1817915917590165
4.1766495819447185
4.171526439494788
4.166422063515908
4.161336353828814
4.156269210962033
4.151220536145627
4.146190231305043
4.141178199055004
4.136184342693466
4.131208566195664
4.126250774208187
4.121310872043132
4.116388765672311
4.111484361721544
4.106597567464957
4.101728290819405
4.096876440338906
4.09204192520914
4.08722465524203
4.082424540870351
4.077641493142396
4.0728754237167255
4.068126244856929
4.063393869426482
4.05867821088362
4.05397918327628
4.049296701237103
4.0446306799784795
4.0399810352876235
4.035347683521742
4.030730541603207
4.026129527014813
4.021544557795061
4.016975552533482
4.012422430366049
4.0078851109705775
4.00336351456222
3.998857561888982
3.9943671742272864
3.9898922733775852
3.9854327816600144
3.9809886219100803
3.9765597174744136
3.9721459922065545
3.9677473704627433
3.963363777097829
3.958995137461142
3.954641377392454
3.950302423217964
3.9459782017463145
3.941668640264661
3.9373736665347767
3.9330932087891806
3.928827195727335
3.924575556511842
3.9203382207646995
3.9161151185635967
3.911906180438229
3.907711337366666
3.903530520771737
3.899363662517463
3.8952106949055216
3.891071550671751
3.886946162982663
3.8828344654320266
3.8787363920374553
3.874651877237031
3.870580855885988
3.866523263253374
3.8624790350188007
3.858448107269188
3.854430416495558
3.8504258995898364
3.84643449384172
3.8424561369355335
3.8384907669471557
3.8345383223409333
3.8305987419666607
3.8266719650565637
3.8227579312223248
3.818856580452125
3.814967853107724
3.8110916899215646
3.8072280319938936
3.8033768207899312
3.7995379981370423
3.795711506221947
3.7918972875879606
3.788095285132248
3.7843054421031126
3.7805277020973036
3.7767620090573493
3.773008307268922
3.7692665413582134
3.7655366562893517
3.761818597361819
3.7581123102079217
3.754417740790254
3.750734835399203
3.747063540650474
3.7434038034826336
3.7397555711546806
3.736118791243625
3.7324934116421136
3.72887938055605
3.7252766465022535
3.7216851583061406
3.718104865099412
3.7145357163177657
3.71097766169865
3.7074306512790005
3.703894635393031
3.700369564670029
3.6968553900321592
3.6933520626923193
3.6898595341519758
3.6863777561990494
3.6829066809058033
3.6794462606267557
3.675996447996604
3.672557195928184
3.669128457610418
3.6657101865063204
3.6623023363509786
3.6589048611495785
3.655517715175447
3.6521408529680937
3.6487742293312917
3.645417799331154
3.6420715182942436
3.638735341805691
3.6354092257073294
3.632093126095846
3.628786999320952
3.6254908019835677
3.6222044909340165
3.6189280232702408
3.6156613563360387
3.6124044477192983
3.609157255250273
3.605919736999835
3.602691851277786
3.5994735566311515
3.5962648118424982
3.5930655759282732
3.589875808137142
3.586695467948361
3.583524515070142
3.5803629094380516
3.5772106112133972
3.5740675807816604
3.570933778750919
3.567809165950281
3.5646937034283566
3.561587352451708
3.558490074503344
3.5554018312812157
3.5523225846966984
3.5492522968731453
3.546190930144394
3.5431384470533134
3.540094810350371
3.5370599829921803
3.5340339281400994
3.5310166091588093
3.5280079896149217
3.525008033275587
3.5220167041071315
3.5190339662736783
3.5160597841358063
3.513094122249208
3.5101369453633517
3.507188218420174
3.5042479065527523
3.5013159750840344
3.4983923895255256
3.495477115576027
3.492570119120357
3.48967136622811
3.486780823152393
3.483898456328607
3.4810242323732083
3.4781581180824914
3.4753000804313956
3.4724500865722963
3.4696081038338202
3.4667740997196677
3.4639480419074515
3.461129898247522
3.4583196367618383
3.4555172256428097
3.4527226332521743
3.449935828119872
3.447156778942934
3.444385454584376
3.441621824072103
3.438865856597823
3.436117521515966
3.4333767883426134
3.430643626754444
3.427918006587667
3.4251998978369884
3.422489270654569
3.4197860953489974
3.4170903423842702
3.4144019823787706
3.411720986104276
3.409047324484956
3.4063809685963764
3.40372188966453
3.401070059064851
3.3984254483212593
3.3957880291051907
3.3931577732346527
3.390534652673278
3.3879186395293854
3.3853097060550597
3.3827078246452147
3.3801129678366872
3.377525108307329
3.3749442188750978
3.3723702724971725
3.36980324226906
3.36724310142371
3.3646898233306515
3.362143381495121
3.3596037495571904
3.357070901290935
3.3545448106035596
3.3520254515345838
3.3495127982549806
3.3470068250663685
3.344507506400178
3.342014816816836
3.3395287310049646
3.33704922378056
3.3345762700862105
3.332109844990295
3.329649923686205
3.3271964814915513
3.3247494938474063
3.3223089363175218
3.3198747845875687
3.317447014464385
3.3150256018752247
3.3126105228669998
3.3102017536055555
3.3077992703749217
3.305403049576598
3.3030130677288083
3.300629301465808
3.2982517275371475
3.2958803228069833
3.293515064253355
3.291155928967499
3.288802894153163
3.2864559371259
3.2841150353124013
3.2817801662498116
3.279451307585053
3.2771284370741673
3.274811532581645
3.2725005720797697
3.2701955336479642
3.267896395472142
3.2656031358440636
3.2633157331606983
3.2610341659235877
3.258758412738218
3.256488452313389
3.2542242634606002
3.2519658250934302
3.2497131162269275
3.247466115976999
3.245224803559809
3.2429891582911776
3.2407591595859917
3.238534786957609
3.236316020017272
3.2341028384735306
3.2318952221316604
3.229693150893089
3.227496604754823
3.2253055638088943
3.2231200082417835
3.220939918333872
3.218765274458882
3.2165960570833323
3.214432246765991
3.212273824157328
3.2101207699989844
3.20797306512323
3.2058306904524403
3.2036936269985667
3.201561855862609
3.1994353582341013
3.1973141153905917
3.1951981086971335
3.1930873196057714
3.190981729655045
3.1888813204694757
3.1867860737590754
3.184695971318851
3.1826109950283117
3.180531126850979
3.178456348833906
3.1763866431071937
3.174321991883515
3.172262377457634
3.170207782205944
3.1681581885859926
3.166113579136015
3.1640739364744785
3.1620392432996214
3.1600094823889964
3.157984636599017
3.155964688864513
3.153949622198275
3.151939419690625